2193
2194
4542
10467
11547
11549
14176
20769
20807
20832
49471
68432
71982
86180
98317
98318
109134
114761
115754
134945
134972
171417
176051
176053
176105
176214
176394
176439
176537
177346
177703
178809
188485
188655
188659
188729
188730
188731
188734
188736
188934
188935
188939
188941
188943
188945
189038
189966
190289
194807
209927
222132
222134
222135
223139
223140
223141
229780
235162
236290
242671
256719
268683
280945
294969
296182
332133
333345
343069
344111
344212
344382
344387
344426
344520
344554
344568