796
2162
2193
2194
4542
10466
10467
10503
11545
11547
11549
14176
16578
16627
16639
16655
16687
19670
19673
19674
19675
19676
19678
19679
19680
19681
19684
19686
19688
19690
19691
19693
19695
19696
19697
19698
19699
19700
19701
19702
19703
20765
20775
20789
20807
20829
20855
30657
49471
59833
61146
62539
62546
64853
68432
71982
72126
73010
83680
85565
86180
86465
89250
93602
98317
105531
109134
113011
121839
122952
123152
131594
134943
134944
134946
134976
145423
157122
164629
176051
176053
176105
176214
176394
176398
177346
177703
177870
178809
179044
180434
186706
188485
188655
188659
188729
188734
188736
188934
188935
188939
188943
188945
189038
189966
190289
190290
197723
197726
197727
197729
197732
222066
222134
222135
228719
228721
228824
229939
235162
235509
242671
248179
248181
248897
256719
257872
263498
294969
300077
303658
304656
336266
336308
343069
344111
344212
344382
344426
344520
344554
344568