796
2162
4596
11545
16627
16639
16655
16687
19670
19675
19679
19681
19691
19693
19739
19740
19743
19744
19746
19748
19749
19750
19751
19753
19754
19755
19756
19758
19759
19760
19761
19762
19763
19765
19766
19767
19768
19769
19770
19771
19772
19773
19774
19827
19863
30657
49471
59833
60196
61146
62539
64853
68985
72334
73010
85565
86465
89250
90550
92515
92516
93602
98317
109134
113014
122952
123152
130818
130820
134976
138714
160388
176051
176053
176105
176214
176394
177346
177703
177870
185393
188485
188655
188659
188736
188934
188939
188943
189038
189966
190289
196533
197723
197727
197729
222134
222135
228721
229939
235162
236290
242671
248181
256719
257775
257872
292648
296168
300077
304656
307229
330479
343069
344111
344212
344520
344554
344568