796
1113
2162
2193
2194
4601
11545
11549
14176
16578
16627
16655
16687
19670
19673
19674
19675
19676
19678
19679
19680
19681
19684
19686
19688
19690
19691
19693
19695
19696
19697
19698
19699
19700
19701
19702
19703
19762
20807
30657
59833
61146
62539
62546
64853
68426
71982
72126
72334
73010
83680
85565
86465
89250
93064
93602
96444
105531
121839
122952
123152
131594
132744
145423
164629
177870
179044
180434
186706
188859
197723
197726
197727
197729
197732
197736
228719
228721
228824
229939
235509
236290
248179
248181
248897
257775
257872
263498
268813
269430
292648
292987
300077
303658
304656
336266
336308
343069
344520
344554
344568