796
4596
11545
16639
19739
19740
19743
19744
19746
19748
19749
19750
19751
19753
19754
19755
19756
19758
19759
19760
19761
19762
19763
19765
19766
19767
19768
19769
19770
19771
19772
19773
19774
49471
60196
62546
68985
85565
92515
92516
109134
113014
130818
130820
134976
138714
160388
176051
176053
176105
176214
176394
177346
177703
185393
188485
188655
188659
188736
188934
188939
188943
189038
189966
190289
196533
222134
222135
235162
242671
256719
257775
296168
300077
307229
330479
344111
344212