796
2193
2194
4542
10466
10467
10503
11545
11547
11549
14176
16639
16687
20765
20775
20789
20807
20829
20855
30657
49471
62539
62546
68432
71982
85565
86180
98317
105531
109134
131594
134943
134944
134946
134976
157122
164629
176051
176053
176105
176214
176394
176398
177346
177703
178809
188485
188655
188659
188729
188734
188736
188934
188935
188939
188943
188945
189038
189966
190289
190290
197723
222066
222134
222135
235162
235509
236290
242671
256719
294969
343069
344111
344212
344382
344426
344520
344568