796
1113
2162
2194
4601
10467
11545
11547
11549
16578
16627
16639
16655
16687
19670
19673
19674
19675
19676
19678
19679
19680
19681
19684
19686
19688
19690
19691
19693
19695
19696
19697
19698
19699
19700
19701
19702
19703
20797
30657
49471
59833
61146
62389
62539
62546
64853
68425
68426
72126
72334
73010
83680
85565
86465
89250
93064
93602
96444
105531
113014
122952
123152
132744
145423
176014
176051
176053
176105
176214
176394
177703
177870
179044
180434
188485
188655
188859
188935
188939
188943
189038
189966
190289
197723
197726
197727
197729
197732
197736
222134
222135
228719
228721
228824
229939
235162
235509
236290
248179
248181
248897
256719
257872
263498
269430
292648
292987
303658
304656
336266
336308
344111