796
2162
10466
10503
11545
16578
16627
16639
16655
16687
19670
19673
19674
19675
19676
19678
19679
19680
19681
19684
19686
19688
19690
19691
19693
19695
19696
19697
19698
19700
19701
19702
19703
20765
20775
20789
20829
20855
30657
61146
62539
72126
73010
83680
85565
86465
93602
105531
121839
122952
131594
132744
134943
134944
134946
145423
177870
179044
180434
186706
188859
197723
197726
197727
197729
197732
222066
228719
228721
228824
229939
235509
236290
248897
257872
263498
269430
293342
300077
303658
304656
336266
336308