796
1113
2193
2194
4542
10466
10467
10503
11545
11547
11549
14176
16687
19774
19827
19863
19973
20765
20769
20775
20789
20797
20807
20832
30657
49471
62539
62546
68432
71982
72126
72334
85565
86180
90388
90458
90550
98316
98317
105531
107905
109134
113011
113014
115754
134943
134944
134976
164629
165663
174968
176014
176053
176105
176214
176394
176398
176537
177346
177703
185393
188485
188655
188659
188734
188736
188934
188935
188939
188943
188945
189038
189966
190289
190290
194807
197723
222132
222134
222135
235162
235509
236290
242671
256719
300077
332133
333345
343069
344111
344212
344387
344520
344554
344568