2193
2194
4542
10466
10467
10503
11545
11547
11549
14176
19762
19827
19863
19973
20765
20769
20775
20789
20797
20807
20829
20832
20855
49471
62546
71982
72334
86180
90388
90458
90550
98316
98317
105531
107905
109134
131594
134943
134944
134946
134976
135006
164629
165663
176014
176051
176053
176105
176214
176398
177346
177703
188485
188655
188659
188736
188934
188935
188939
188943
188945
189038
189966
190289
190290
194807
222066
222132
222134
222135
235162
235509
236290
242671
244593
256719
257775
294969
300077
332133
343069
344111
344212
344387
344520
344554
344568