1113
2193
2194
4542
10466
10467
10503
11545
11547
11549
14176
19827
19863
19973
20765
20769
20775
20789
20797
20807
20832
62546
71982
72334
85565
86180
90388
90458
90550
98316
98317
107905
109134
113014
115754
134943
134944
134976
164629
165663
176014
176051
176053
176105
176214
176394
176398
177346
177703
185393
188485
188655
188659
188736
188934
188935
188939
188943
188945
189038
189966
190289
190290
194807
222132
222134
222135
235162
236290
242671
256719
300077
332133
343069
344111
344212
344387
344520
344554
344568