2193
2194
4542
10466
10467
10503
11547
11549
14176
16578
19673
19674
19676
19678
19680
19684
19686
19688
19690
19695
19696
19697
19698
19699
19700
19701
19702
19703
20769
20775
20789
20807
20829
20832
20855
49471
68432
71982
72126
83680
86180
131594
132744
134943
134944
134946
145423
157122
164629
176051
176053
176105
176214
176394
176398
177346
179044
180434
188655
188659
188729
188734
188736
188859
188934
188935
188939
188943
189038
189966
190289
197726
197732
222066
222134
222135
228719
228824
235162
236290
242671
256719
294969
303658
336266
336308
343069
344111
344520
344554
344568