2193
2194
4542
10466
10467
10503
11547
11549
14176
16578
19673
19674
19676
19678
19680
19684
19686
19688
19690
19695
19696
19697
19698
19699
19700
19701
19702
19703
19765
19766
19767
19768
19769
19770
19771
19772
19773
20765
20769
20775
20789
20807
20829
20832
20855
30657
68432
71982
72126
83680
86180
121839
131594
132744
134943
134944
134976
145423
157122
164629
176053
176214
176394
176398
177346
179044
180434
188659
188729
188734
188736
188859
188934
188935
197726
197732
222066
228719
228824
235162
236290
242671
294969
303658
336266
336308
343069
344520
344554
344568