2193
2194
4542
10466
10467
10503
11547
11549
14176
19973
20765
20769
20775
20789
20807
20829
20832
20855
49471
62546
68432
71982
72334
86180
98317
98318
109134
113014
114761
115754
131594
134943
134944
134946
134976
135006
160388
164629
165663
171417
176014
176051
176053
176105
176214
176394
176398
176439
177346
177703
188485
188655
188729
188730
188734
188736
188934
188935
188939
188941
188943
188945
189038
189966
190289
190290
194807
209927
222066
222132
222134
222135
223139
223140
223141
229780
235162
236290
242671
256719
294969
332133
343069
344111
344212
344382
344387
344426
344520
344554
344568