2193
2194
4542
10466
10467
10503
11545
11547
11549
14176
19973
20765
20769
20775
20789
20797
20807
20829
20832
20855
49471
62546
68432
71982
72334
85565
86180
98316
98317
109134
113011
114761
115754
131594
134943
134944
134946
134976
164629
165663
176014
176051
176053
176105
176214
176394
176398
176537
177346
177703
178809
188485
188655
188659
188729
188734
188736
188934
188935
188939
188943
188945
189038
189966
190289
190290
194807
222066
222132
222134
222135
223140
236290
242671
244593
256719
300077
332133
333345
343069
344111
344212
344520
344554
344568